0 2 
0 4 
0 6 
0 8 
1 3
1 5 
1 7 
1 9 
2 3 
2 6 
2 8 
2 10 
3 7 
3 11
3 15 
3 19 
4 5 
4 8 
4 12 
4 16 
5 9 
5 13 
5 17 
5 21 
6 7 
6 11
6 15 
6 19 
7 9 
7 13 
7 17 
7 21 
8 12 
8 16 
8 20 
8 24 
9 10 
9 14 
9 18 
9 22 
10 11
10 15 
10 19 
10 23 
11 12 
11 16 
11 20 
11 24 
12 13 
12 17 
12 21 
12 25 
13 14 
13 18 
13 22 
13 26 
14 15 
14 19 
14 23 
14 27 
15 16 
15 20 
15 24 
15 28 
16 17 
16 21 
16 25 
16 29 
17 18 
17 22 
17 26 
17 30 
18 19 
18 23 
18 27 
18 31 
19 20 
19 24 
19 28 
19 32 
20 21
20 25 
20 29 
20 33 
21 22 
21 26 
21 30 
21 34 
22 23 
22 27 
22 31 
22 35 
23 24 
23 28 
23 32 
23 36 
24 25 
24 29 
24 33 
24 37 
25 26 
25 30 
25 34 
25 38 
26 27 
26 31 
26 35 
26 39 
27 28 
27 32 
27 36 
27 40 
28 29 
28 33 
28 37 
28 41 
29 30 
29 34 
29 38 
29 42 
30 31 
30 35 
30 39 
30 43 
31 32 
31 36 
31 40 
31 44 
32 33 
32 37 
32 41 
32 45 
33 34 
33 38 
33 42 
33 46 
34 35 
34 39 
34 43 
34 47 
35 36 
35 40 
35 44 
35 48 
36 37 
36 41 
36 45 
36 49 
37 38 
37 42 
37 46 
38 39 
38 43 
38 47 
39 40 
39 44 
39 48 
40 41 
40 45 
40 49 
41 42 
41 46 
42 43 
42 47 
43 44 
43 48 
44 45 
44 49 
45 46 
46 47 
47 48 
48 49 